8.9546 8.3785 0
9.242 8.0333 0
5.0242 13.754 1
9.3378 6.759 0
6.0299 12.527 1
8.6638 8.9825 0
3.59 6.5495 2
6.4113 13.127 1
6.2242 13.531 1
4.0953 7.04 2
6.4094 12.259 1
4.2244 7.5658 2
4.198 6.2609 2
5.9614 13.619 1
4.4001 13.69 1
8.4442 8.8162 0
5.7731 13.252 1
9.7184 9.0735 0
4.3232 7.5807 2
5.635 12.6 1
5.9993 13.65 1
9.27 8.5697 0
8.5406 6.6656 0
4.2657 13.781 1
3.8362 7.9277 2
8.8203 8.1732 0
5.8978 13.759 1
3.9765 8.3431 2
4.4244 7.5983 2
8.559 6.6892 0
6.3109 12.781 1
6.841 12.893 1
4.0989 7.6843 2
3.715 6.7612 2
2.8597 6.3519 2
7.6683 12.613 1
6.4399 11.893 1
4.5597 13.038 1
9.0809 9.8052 0
3.889 5.0234 2
5.7804 13.485 1
3.2062 7.3775 2
6.0422 13.655 1
8.8732 8.6497 0
6.9537 13.244 1
4.847 14.262 1
5.4011 13.647 1
5.0105 13.858 1
7.2528 12.14 1
3.5925 5.8964 2
5.8873 13.202 1
9.6076 8.1126 0
7.6375 11.808 1
8.4184 8.4417 0
5.6088 14.068 1
5.9271 13.576 1
6.8902 12.421 1
4.425 6.5942 2
5.4979 12.636 1
4.4087 7.0306 2
9.6662 7.6198 0
6.6609 12.35 1
5.6672 13.62 1
4.0701 7.8473 2
4.5381 6.9587 2
9.106 9.3079 0
3.6472 5.0804 2
9.2376 8.7972 0
5.13 6.2389 2
7.0481 12.33 1
3.8052 6.8129 2
9.4844 8.6006 0
8.4927 8.0021 0
3.7895 6.8011 2
9.0502 7.1732 0
4.7552 14.049 1
6.162 12.899 1
5.1405 7.6572 2
5.9376 12.52 1
5.8923 13.308 1
6.4841 13.048 1
3.7334 5.7523 2
9.343 9.2117 0
8.5302 8.951 0
9.0285 7.096 0
5.87 13.225 1
7.9805 6.1128 0
6.6864 12.53 1
4.2548 7.1609 2
4.7881 6.9965 2
10.271 8.5741 0
9.1097 6.8083 0
4.8918 14.461 1
3.7565 6.2934 2
3.698 7.3978 2
5.9352 12.824 1
3.7533 6.4017 2
8.9775 7.4979 0
6.125 12.609 1
7.2885 12.802 1
5.6721 12.93 1
3.9813 7.1136 2
5.3716 13.673 1
8.9064 8.583 0
9.2708 8.5225 0
8.5149 6.7515 0
8.8705 7.4889 0
3.6356 7.2688 2
3.8884 8.0531 2
5.4506 13.325 1
3.6299 8.4899 2
4.5616 7.3227 2
9.6733 7.9142 0
4.6162 14.369 1
5.8828 13.246 1
6.0533 11.958 1
6.9882 13.528 1
4.2884 6.0367 2
4.5403 5.1733 2
4.6976 6.4376 2
6.3455 12.186 1
5.2821 14.005 1
10.166 11.088 0
5.7266 13.44 1
7.4832 12.145 1
4.5338 6.3328 2
4.603 13.417 1
5.5974 12.792 1
6.2796 12.636 1
3.9317 6.6728 2
8.4693 6.7946 0
4.505 6.9435 2
4.2059 5.8816 2
9.1342 8.8411 0
7.0629 12.888 1
5.8623 14.023 1
4.7598 7.7481 2
3.493 6.5818 2
4.0777 7.5266 2
2.9066 6.1413 2
6.8104 13.316 1
7.9534 7.6171 0
4.3327 7.2982 2
5.5759 12.718 1
9.4579 9.0257 0
3.3258 6.7413 2
6.3363 12.206 1
8.9694 9.1459 0
9.3705 9.0086 0
3.989 6.7796 2
6.5383 13.943 1
6.2733 13.874 1
8.0903 6.8882 0
4.4331 6.2183 2
3.6117 7.7154 2
8.8695 6.9147 0
7.2466 11.765 1
8.8533 9.1531 0
6.6061 12.062 1
8.3477 8.4691 0
8.7751 6.1288 0
8.6824 8.3057 0
4.331 5.412 2
6.6271 12.751 1
8.0716 7.7769 0
6.5994 13.001 1
9.8665 8.3615 0
3.8155 5.7468 2
3.9416 12.439 1
6.4254 13.581 1
3.7002 6.8362 2
8.1473 11.8 1
6.2826 12.72 1
7.6273 12.304 1
8.4117 8.4834 0
4.4549 6.601 2
4.6941 7.2076 2
8.5991 7.3039 0
5.0793 13.641 1
9.1455 5.6829 0
5.7469 12.459 1
10.084 10.545 0
3.7286 6.5519 2
4.3095 5.8274 2
4.3695 13.253 1
4.1442 7.1194 2
9.9921 8.6137 0
4.918 12.797 1
4.3627 6.1599 2
4.9163 7.3511 2
3.7617 6.1151 2
4.4534 7.384 2
9.2745 8.0045 0
8.8416 6.9884 0
3.3742 5.8454 2
6.3449 12.813 1
3.8993 6.8137 2
3.7876 7.455 2
6.3435 12.208 1
6.76 13.554 1
5.4602 12.837 1
4.7975 6.2952 2
4.2154 6.2599 2
9.7817 9.3393 0
5.7159 12.729 1
4.286 7.0642 2
4.3256 6.4329 2
4.1568 7.3896 2
4.3854 7.1258 2
5.0952 13.071 1
3.9389 6.341 2
4.0052 7.1658 2
8.3059 6.8973 0
3.9545 5.4597 2
5.431 13.9 1
3.277 7.516 2
6.6596 12.577 1
7.0655 12.894 1
8.7923 7.782 0
6.055 12.008 1
5.1621 13.585 1
4.4689 6.4192 2
7.9651 7.2342 0
5.0723 6.4715 2
8.2607 6.3263 0
6.6097 12.877 1
5.6762 13.319 1
7.6291 13.243 1
9.4546 8.6047 0
9.2378 9.6378 0
4.883 12.966 1
6.8857 12.76 1
4.1082 7.1085 2
5.8391 12.97 1
5.8249 14.219 1
8.0525 6.0075 0
8.4721 8.0323 0
5.7577 12.822 1
3.4793 6.2718 2
6.4449 13.291 1
3.5793 6.1794 2
4.2963 5.3573 2
4.2556 7.5429 2
7.2241 13.092 1
4.569 7.4257 2
3.5229 7.4277 2
4.0176 7.5285 2
5.1239 12.89 1
9.3377 7.6704 0
6.2399 12.613 1
2.9464 7.1252 2
9.5934 9.3997 0
5.0805 12.992 1
2.8004 6.6174 2
4.3962 5.0531 2
6.7408 13.839 1
6.9393 12.893 1
5.7973 13.132 1
5.3635 13.028 1
3.2006 7.7009 2
3.8932 7.9593 2
3.9924 7.2877 2
5.2434 12.352 1
9.4635 9.959 0
8.9615 8.1827 0
4.3154 6.7604 2
7.8024 7.0033 0
6.2042 13.431 1
5.1519 13.374 1
7.4043 11.992 1
4.4374 6.6861 2
5.7986 13.164 1
7.0077 12.678 1
6.2797 12.785 1
5.4571 13.249 1
6.3053 13.164 1
8.9893 6.7119 0
4.2164 6.0379 2
7.1811 11.948 1
6.414 12.757 1
9.0348 8.9286 0
4.1509 7.1852 2
5.6381 12.691 1
9.276 9.1578 0
6.1154 13.292 1
4.4824 7.0272 2
9.0831 8.3914 0
5.2518 14.331 1
6.4495 13.08 1
6.4096 11.977 1
9.1141 9.9121 0
4.8593 14.061 1
8.8375 8.0586 0
9.596 9.3322 0
4.1004 13.959 1
3.387 6.3394 2
8.4044 6.604 0
6.1064 13.089 1
9.3303 8.8286 0
3.977 8.2545 2
6.151 13.46 1
4.2558 7.3024 2
7.0532 13.168 1
4.7038 14.077 1
10.643 11.21 0
4.9698 7.7504 2
3.7883 5.8153 2
8.7878 7.2582 0
6.1757 12.657 1
3.373 5.7197 2
7.087 12.183 1
4.2736 5.4044 2
4.559 6.2623 2
7.8578 4.9142 0
5.0253 8.5718 2
6.3031 13.069 1
7.2926 13.092 1
9.1166 8.8632 0
8.035 6.9882 0
9.8183 8.1575 0
4.5883 5.7408 2
4.3911 6.9081 2
8.2331 6.9589 0
4.6641 13.751 1
4.4417 8.0315 2
4.3792 13.905 1
6.575 14.371 1
3.4717 6.7625 2
6.4596 12.169 1
4.9379 12.996 1
4.6317 13.624 1
5.7618 13.655 1
3.339 7.4685 2
9.4234 8.8503 0
9.8261 8.4032 0
9.5082 9.6097 0
3.6131 6.2336 2
3.7339 7.531 2
6.7785 12.33 1
4.2268 6.7277 2
4.1964 7.6375 2
8.4431 7.0917 0
5.1981 13.392 1
6.6845 12.209 1
8.8661 7.3117 0
9.5108 9.4117 0
9.2561 8.2675 0
3.9301 6.3268 2
3.8079 7.8471 2
4.8086 7.5778 2
5.5938 12.39 1
6.7572 13.114 1
7.6756 4.8049 0
4.6511 8.3136 2
3.9633 6.8753 2
4.6257 5.7462 2
8.9299 7.1745 0
5.4307 14.279 1
4.5997 6.8249 2
3.5621 7.8275 2
5.5894 12.926 1
4.271 6.8582 2
5.9753 13.266 1
4.6284 5.975 2
3.9681 7.1341 2
4.4795 5.8416 2
3.2501 6.7182 2
5.9634 12.271 1
8.9289 8.1289 0
5.3028 12.178 1
3.9714 13.008 1
3.5778 7.5405 2
5.9217 7.3819 2
4.519 13.852 1
5.9535 13.637 1
8.3948 8.4333 0
5.4261 12.865 1
9.3625 9.0546 0
4.2337 5.7359 2
9.5279 8.6395 0
6.1914 11.781 1
3.5016 6.3248 2
6.1473 13.232 1
5.9865 12.907 1
7.2257 12.95 1
8.4477 7.1105 0
4.5536 8.0092 2
7.3361 12.636 1
3.0749 7.3247 2
3.8806 5.9082 2
3.704 7.3715 2
5.9555 13.415 1
8.6243 7.2968 0
5.8406 13.584 1
5.2475 12.567 1
5.91 11.963 1
3.5778 7.2495 2
9.3268 9.284 0
6.081 12.119 1
5.4788 13.937 1
8.1525 8.5831 0
5.2886 12.522 1
3.8754 5.5595 2
7.7924 12.47 1
4.2109 7.7214 2
5.8029 13.171 1
4.0195 6.7012 2
6.3521 12.164 1
9.845 8.4528 0
10.252 10.195 0
5.0093 12.935 1
6.0564 12.675 1
5.1126 12.618 1
9.5095 8.5042 0
9.0564 8.4377 0
5.2003 14.156 1
6.6874 12.385 1
4.8456 7.9416 2
4.3485 7.7675 2
5.5611 13.145 1
2.6225 4.6791 2
4.6114 13.404 1
4.4484 7.1411 2
6.574 12.542 1
4.3762 6.9193 2
6.0043 12.468 1
4.1822 7.0374 2
6.1988 12.654 1
9.7928 8.9137 0
9.132 7.884 0
3.5922 7.0338 2
7.6769 5.8875 0
5.8637 12.896 1
8.5316 7.5417 0
9.2927 8.6447 0
3.9837 7.3768 2
3.9109 6.816 2
4.235 7.4253 2
7.5765 4.974 0
9.3483 7.8993 0
8.2899 6.8662 0
4.1726 6.9899 2
4.9172 13.038 1
6.7254 12.65 1
5.7192 12.731 1
4.4393 7.6152 2
8.3108 8.6569 0
9.4317 7.6603 0
3.0255 6.8049 2
8.2785 6.8344 0
3.941 7.2651 2
3.2987 6.2724 2
7.9233 7.4293 0
4.8755 6.2585 2
9.5636 8.6386 0
5.3736 12.984 1
5.3989 13.327 1
9.1486 8.695 0
4.0318 7.218 2
5.3246 12.904 1
4.0253 6.7449 2
3.263 6.3247 2
5.8018 12.461 1
4.1571 7.3122 2
5.7594 13.895 1
4.5071 5.7029 2
7.1076 13.183 1
6.461 12.684 1
7.3041 12.323 1
8.92 7.5133 0
9.2005 7.9814 0
4.4956 7.6516 2
6.867 11.961 1
5.8684 14.243 1
5.6936 12.94 1
9.0364 7.5922 0
4.7513 7.3628 2
8.8243 8.0913 0
3.5182 6.3508 2
8.9377 7.2888 0
9.1027 7.3746 0
4.8745 7.8904 2
6.5844 12.524 1
5.6808 12.44 1
4.8523 13.033 1
3.9197 5.0629 2
9.3201 8.9252 0
6.8221 11.994 1
3.7943 6.493 2
5.3897 14.048 1
4.0589 7.1854 2
9.9912 8.4162 0
4.7233 5.5123 2
4.0051 7.5125 2
8.1447 7.3137 0
4.0719 6.391 2
5.6984 14.084 1
9.2976 8.5664 0
5.4358 12.636 1
9.3936 8.4171 0
